0,278
166,4
166,3
166,2
166,1
166,0
165,3
165,2
165,1
165,0
164,3
164,2
0,9
164,1
164,0
0,273
0,270
163,43
163,42
163,41
163,40
163,39
163,38
163,37
163,36
163,35
10,110
10,222
10,210
10,174
10,120
10,290
10,308
11,20
11,14
11,16
9,4
9,6
8,6
8,4
8,8
8,9
8,10
8,12
8,17
148,3
148,2
148,1
138,5
138,4
138,3
138,2
138,1
138,0
127,4
127,3
127,1
120,4
120,3
120,1
115,4
115,3
115,1
20,3
20,2
20,1
19,3
19,2
19,1
16,2
15,3
15,2
15,1
14,2
13,2
12,3
12,2
12,1
11,29
11,28
11,27
11,25
11,24
11,23
11,21
11,17
